       inf
    5.1120
    5.7374
    8.3746
    6.3910
    4.2602
    5.9580
    5.2357
    4.2996
    6.3146
    6.4579
    7.2720
    5.5966
    5.7379
    3.9160
    6.5290
    6.3116
    4.8630
    6.6807
    3.8515
    6.7084
    4.4640
    5.3640
    6.0151
    5.0617
    6.1600
    3.5760
    6.0320
    6.1534
    6.4901
    5.2986
    8.4473
    8.6517
    5.0390
    5.9080
    5.3206
    6.4797
    5.9950
    7.0770
    5.6616
    5.1622
    5.1586
    6.6300
    7.0186
    5.8350
    5.8622
    6.3033
    6.5873
    5.9503
    7.0716
    7.6320
    4.6243
    6.2520
    5.7306
    5.9441
    6.7776
    7.6770
    6.4913
    5.9360
    6.4730
    5.9679
    6.7129
    4.6539
    3.7811
    5.1660
    6.9437
    5.1950
    6.0711
    4.3620
    5.0010
    7.2874
    4.4670
    6.6101
    8.3098
    7.1620
    6.9147
    6.0819
    5.7850
    5.7730
    6.1737
    5.9201
    6.8618
    5.9970
    6.5363
    5.1179
    5.6570
    5.6050
    5.6750
    6.6860
    6.5556
    5.5847
    8.1086
    5.1480
    4.4220
    6.2710
    6.3030
    5.3617
    5.5181
    7.3221
    6.0758
    5.4230
    5.7976
    6.4300
    5.9940
    5.5360
    5.7771
    6.5970
    7.7597
    5.8910
    4.0370
    7.7099
    5.4294
    6.0430
    7.1850
    7.6647
    4.9940
    6.9190
    5.7961
    7.4457
    8.5251
    5.0447
    6.4720
    6.5051
    6.6320
    6.4661
    6.6590
    6.1530
    4.0266
    4.4700
    8.3450
    6.7542
    7.7550
    5.9516
    3.4646
    6.3550
    5.0716
    4.2610
    5.6450
    6.7351
    7.3658
    7.1430
    4.9740
    6.6281
    7.1720
    5.9550
    5.5739
    6.1570
    5.4420
    6.4320
    6.4806
    6.7340
    6.8706
    4.3966
    7.3055
    4.6520
    6.1896
    6.6900
    6.0480
    7.6386
    3.3240
    5.7676
    6.3510
    4.7082
    5.7861
    5.8177
    6.7968
    5.0531
    5.3420
    6.7348
    5.7090
    5.7056
    5.6580
    5.7260
    6.8745
    6.8473
    6.2930
    6.0714
    7.0355
    5.3585
    5.7560
    4.7750
    5.4260
    6.5940
    4.8416
    3.4461
    7.8137
    7.0017
    6.5260
    5.2957
    6.6220
    5.2082
    3.0320
    1.5371
    4.7110
    5.5820
    5.0488
    7.5460
    6.4820
    5.8616
    7.2647
    5.2370
    6.6388
    5.5066
    4.4680
    5.4180
    7.6380
    6.9956
    4.6430
    4.5150
    4.3671
    5.1210
    5.7446
    5.0107
    3.5277
    0.5416
    5.4547
    5.1500
    6.9780
    6.3820
    4.7851
    5.9357
    5.1570
    5.6876
    4.4786
    6.2680
    4.9734
    5.1906
    5.4901
    6.1641
    5.2230
    5.7281
    3.4136
    6.0614
    7.2559
    7.1746
    5.0440
    5.5520
    7.7771
    5.9202
    6.5087
    6.5756
    5.0790
    5.5191
    5.4777
    4.9206
    5.7600
    7.0170
    7.5429
    7.6350
    6.6550
    5.5721
    6.6143
    5.7864
    5.8550
    6.2730
    6.4180
    7.2110
    3.8078
    4.2843
    6.0900
    4.5121
    4.7460
    5.9752
    6.2838
    5.8130
    6.8570
    5.5654
    7.3920
    5.0728
    6.2342
    6.2400
    5.8920
    6.3937
    6.6185
    5.5543
    6.4945
    4.5650
    6.2916
    5.6180
    6.6176
    5.6680
    7.1091
    5.3500
    4.8840
    7.1459
    6.4860
    6.5263
    7.1890
    5.4320
    6.0686
    5.4103
    4.8050
    5.2526
    6.4814
    5.3916
    5.9760
    5.3095
    8.4141
    6.7420
    6.0861
    7.8800
    6.9630
    5.0701
    4.9130
    4.9777
    4.2241
    5.5556
    3.6720
    6.8266
    6.5024
    6.2718
    4.1690
    7.1520
    6.1590
    6.3492
    6.6372
    5.5083
    5.6556
    7.7650
    4.2830
    7.1910
    4.4970
    4.6032
    6.5316
    4.2879
    5.8661
    4.9570
    6.5170
    5.7037
    7.3320
    4.6509
    4.2370
    1.5170
    8.1381
    6.1693
    5.2606
    6.2960
    5.2369
    6.5530
    5.6352
    5.9270
    5.7951
    6.6454
    4.0576
    6.9907
    5.9440
    5.5990
    3.4460
    5.9170
    6.5336
    5.5811
    5.8490
    5.8726
    7.0080
    5.9466
    6.3570
    6.4509
    6.0789
    6.8240
    2.7100
    5.6227
    6.5958
    7.1051
    5.1122
    5.6838
    7.0406
    8.6186
    4.9366
    6.4903
    6.3242
    6.7111
    5.3840
    6.9439
    7.7238
    6.8814
    6.0406
    5.9326
    6.3587
    4.9047
    5.9800
    5.5500
    6.4702
    4.7504
    6.3917
    6.5206
    6.5290
    5.1907
    7.1774
    7.3496
    4.7018
    6.3940
    5.6800
    6.2490
    6.1373
    6.2580
    2.3786
    6.0500
    5.5894
    6.4997
    6.5067
    6.5830
    4.6170
    5.9203
    5.8620
    6.5248
    6.7090
    7.1159
    3.7980
    4.8355
    5.8950
    3.2540
    7.7270
    5.5046
    5.0690
    7.0326
    3.1660
    4.2061
    5.8939
    6.0171
    6.5980
    5.2430
    4.4574
    6.4610
    3.6790
    4.4970
    5.6901
    6.8459
    5.2102
    5.5310
    6.6929
    4.3460
    6.5095
    4.6496
    4.5376
    4.5070
    5.8622
    7.4300
    6.8956
    7.4740
    6.0321
    4.9430
    6.7477
    7.2941
    7.1060
    6.2290
    7.2723
    5.6805
    4.5266
    6.5920
    7.7529
    8.0120
    5.8526
    6.5021
    5.2620
    5.2240
    8.2567
    6.7770
    6.7460
    5.9825
    7.1230
    6.8562
    6.0604
    4.0500
    7.2417
    5.4576
    5.7435
    5.5220
    6.6290
    6.9870
    7.7101
    6.4506
    5.6920
    6.6949
    5.4210
    7.6170
    6.5510
    5.4935
    5.7060
    5.3908
    6.8849
    5.4540
    5.5090
    5.9056
    5.7546
    6.7584
    7.1476
    6.2811
    5.6620
    6.1150
    6.1202
    3.3406
    6.4800
    5.8414
    6.3450
    5.8426
    5.8238
    6.0110
    6.4280
    6.8582
    2.9816
    6.7987
    7.1430
    5.5719
    6.5950
    6.5336
    6.9126
    7.2451
    5.8705
    6.7250
    5.3144
    7.2158
    4.9760
    5.0625
    5.0360
    7.1335
    6.0540
    7.2987
    6.4520
    7.1543
    7.3550
    7.6921
    6.3310
    6.5691
    5.7841
    6.2866
    4.8772
    5.3018
    5.5793
    5.3310
    5.6478
    6.7317
    6.4580
    5.4559
    6.9660
    5.5350
    7.1947
    6.9077
    7.1256
    5.7960
    5.0320
    3.6580
    5.0650
    7.2530
    6.2400
    7.2191
    6.3077
    5.8946
    6.3426
    5.7590
    7.1016
    4.8339
    7.7193
    5.3793
    7.5110
    6.1386
    7.1805
    4.5740
    7.1100
    4.8205
    6.4999
    5.8769
    6.5005
    6.7370
    6.2636
    7.1411
    5.7461
    6.1639
    6.4927
    8.1330
    3.9860
    5.7216
    6.4638
    5.9866
    7.2220
    5.3420
    3.3250
    5.0036
    5.8493
    5.9951
    4.7710
    5.8442
    6.4275
    5.8200
    6.9493
    6.3742
    5.5357
    2.6550
    6.6396
    5.9136
    6.2199
    5.4510
    7.5205
    6.6477
    6.0698
    6.2125
    6.1442
    6.8530
    4.7501
    6.7650
    5.9456
    6.9430
    4.1880
    5.3316
    6.2750
    5.4380
    6.6030
    3.5650
    7.3236
    6.8700
    6.2929
    7.2267
    6.1260
    6.1830
    6.7287
    4.9806
    6.3858
    5.1492
    6.4392
    6.4581
    5.6240
    7.0020
    6.3001
    7.7446
    8.0525
    5.1896
    6.8266
    4.5101
    5.3555
    6.7390
    7.4196
    5.0746
    6.8389
    5.1190
    6.0923
    5.7196
    4.3461
    6.0028
    6.3453
    7.6140
    4.4214
    4.4534
    6.6412
    5.9446
    5.8794
    5.7480
    4.8320
    6.7972
    4.1407
    4.9899
    4.4062
    4.5211
    6.2600
    5.5326
    2.3290
    6.6557
    4.8390
    5.6026
    5.7086
    7.1185
    5.0227
    6.9735
    6.1661
    4.9825
    7.9959
    7.0226
    6.1620
    6.3946
    5.5296
    4.6587
    4.1650
    6.9500
    4.8240
    5.8941
    6.7800
    5.7850
    4.3338
    7.1707
    5.5426
    5.7610
    5.5301
    5.5630
    4.6730
    5.7056
    6.5973
    6.1470
    5.2350
    4.8241
    5.1546
    7.1480
    2.9630
    3.7209
    4.1480
    6.9146
    5.6554
    6.7810
    6.8900
    5.9124
    5.4736
    4.8990
    4.9578
    5.9281
    6.4830
    7.3478
    5.6570
    6.1960
    4.7523
    6.7826
    3.4906
    6.1510
    6.2270
    7.5873
    5.7943
    5.6170
    5.3911
    5.0841
    4.6021
    5.7690
    6.9280
    7.0863
    5.0609
    6.9883
    6.6520
    4.9480
    3.1290
    5.3260
    4.7140
    5.3820
    3.8920
    4.5110
    7.0706
    5.4539
    5.9194
    6.4960
    4.6946
    6.2134
    5.6140
    4.1841
    5.5620
    7.1186
    5.8978
    5.1380
    6.8176
    4.8941
    7.9838
    6.8766
    5.3299
    6.1410
    7.4690
    7.8370
    6.8170
    6.7990
    7.1127
    5.3796
    6.0850
    4.6930
    6.3271
    7.3389
    5.6150
    7.7948
    5.2820
    5.4177
    6.5426
    3.9500
    4.5410
    7.3360
    6.8107
    6.1695
    5.0597
    4.4592
    6.1106
    7.2476
    3.7787
    6.4300
    6.6979
    4.2146
    6.9190
    3.3542
    4.6594
    5.9743
    6.5590
    6.6140
    6.4736
    5.8212
    5.7172
    7.0220
    5.7081
    6.1656
    6.7730
    4.6010
    5.9340
    5.8980
    3.8575
    4.9587
    6.6540
    7.0351
    5.7470
    6.6121
    7.2035
    7.6840
    5.5226
    6.3401
    5.3816
    6.4894
    6.2440
    4.3011
    5.9315
    6.2036
    6.3870
    7.6647
    6.6560
    7.9666
    6.5450
    6.5420
    5.9876
    8.1106
    5.5686
    5.6502
    5.0886
    6.6591
    5.9910
    6.5971
    6.5728
    7.2310
    6.0120
    6.0228
    5.7546
    7.5000
    5.7246
    3.7336
    7.9740
    6.5215
    6.1330
    8.0105
    6.4326
    6.8386
    4.5950
    6.5710
    5.9446
    7.1945
    3.4070
    5.1919
    6.8437
    4.7130
    5.5816
    6.6446
    6.6659
    3.1900
    4.4776
    5.8797
    6.3293
    7.4516
    2.6380
    6.2640
    4.9258
    4.5739
    4.1770
    5.5540
    5.8560
    7.5440
    7.4492
    6.8750
    5.5450
    5.4393
    5.1846
    6.3300
    6.0846
    1.9940
    5.9480
    6.9903
    7.0510
    6.3020
    6.7954
    3.1046
    5.9831
    6.2670
    6.6211
    7.9580
    6.0330
    6.3741
    6.4867
    5.7981
    5.8070
    7.0866
    5.6223
    5.6910
    5.8510
    4.3016
    6.6700
    6.9863
    3.9048
    6.0140
    5.7430
    6.7876
    6.6930
    5.5400
    5.9132
    7.1317
    7.8776
    8.2523
    6.3590
    6.8651
    5.7999
    5.6677
    5.1461
    4.4420
    6.0810
    6.8721
    4.4030
    6.9160
    4.9316
    6.4674
    7.1169
    3.3321
    5.3135
    6.9310
    5.7946
    5.3781
    5.9318
    6.3391
    6.2227
    4.8791
    6.4775
    6.9690
    5.9761
    7.5510
    6.2270
    5.9403
    4.8375
    5.8955
    5.4870
    6.7450
    5.8553
    6.2680
    5.4791
    7.0316
    7.1331
    4.4817
    5.5710
    6.1696
    3.6052
    6.5610
    6.6521
    5.9400
    7.1310
    6.2857
    4.6660
    6.7655
    5.9136
    3.9605
    6.7110
    7.0120
    5.7321
    6.5520
    4.6593
    5.5873
    5.7270
    7.1196
    5.6771
    6.3802
    7.5157
    6.6760
    5.9327
    7.9968
    5.0735
    6.2609
    6.8809
    5.9773
    6.8760
    5.6870
    7.8030
    3.8196
    5.6979
    5.5976
    6.0976
    6.8010
    4.2160
    5.1660
    5.8202
    6.8450
    6.3680
    5.9686
    6.2693
    3.7156
    6.9856
    7.2040
    6.4520
    7.0126
    5.8486
    6.7856
    6.2210
    6.0661
    6.5109
    6.4707
    5.3450
    4.3530
    6.5002
    6.4540
    6.6260
    7.1196
    5.6800
