       inf
    2.7088
    3.4588
    4.2183
    4.1644
    4.5260
    4.2645
    5.3792
    3.9832
    3.9030
    5.0285
    3.7326
    3.5961
    3.9708
    3.4693
    4.8150
    4.1646
    4.6819
    4.9648
    4.6885
    4.5806
    3.6315
    3.8848
    4.1186
    4.5595
    4.0486
    5.1474
    4.5010
    4.1570
    2.9493
    4.1137
    4.3237
    4.2571
    4.1288
    4.4219
    5.1420
    4.2549
    3.7985
    4.3231
    3.6661
    4.9979
    4.6015
    4.0756
    4.7675
    4.3266
    4.0640
    5.3129
    3.6555
    4.6948
    4.4192
    5.0146
    4.1565
    4.3163
    3.6557
    4.2024
    4.7218
    4.7222
    3.2715
    4.2994
    5.0557
    4.0180
    4.0477
    4.3279
    4.9550
    4.5171
    3.8089
    4.8792
    4.4853
    4.5128
    4.3295
    5.4664
    4.5768
    2.3203
    4.9833
    4.5136
    4.1986
    4.3735
    4.7487
    3.7866
    3.7982
    4.4690
    4.5516
    3.2600
    4.0016
    4.4377
    4.8733
    3.8921
    4.4139
    3.2671
    4.0693
    3.7351
    4.4521
    3.8834
    3.1300
    4.1694
    4.0206
    3.3143
    4.5776
    3.8375
    4.7766
    4.6036
    4.2463
    4.6270
    5.0070
    4.4556
    3.9828
    3.2541
    2.9702
    3.8417
    3.7669
    4.8118
    2.6283
    4.5579
    4.2634
    4.2676
    4.2900
    4.6619
    2.8629
    4.1982
    4.1338
    4.7001
    3.6713
    4.1414
    4.6206
    3.5886
    3.6703
    2.9352
    4.5561
    4.4446
    3.4970
    4.5106
    5.0159
    5.1974
    3.9528
    4.5269
    4.8487
    4.5707
    3.4300
    3.9980
    4.0236
    3.8751
    4.7869
    5.2546
    4.9802
    3.8299
    2.6872
    4.5136
    3.2238
    4.9948
    4.9192
    4.5833
    4.8518
    2.2129
    3.6456
    4.0617
    4.5672
    4.0890
    4.9418
    3.5466
    2.4806
    4.0130
    5.0280
    4.2398
    5.0793
    4.1746
    4.9834
    4.3078
    3.4264
    4.1988
    3.9575
    2.7371
    4.3713
    4.2975
    4.5789
    3.7071
    2.8137
    4.9181
    3.5873
    4.2216
    2.5119
    4.4875
    4.0683
    4.5564
    3.8434
    5.1549
    4.5708
    2.9040
    4.4819
    4.9966
    3.3542
    3.4726
    3.9210
    4.7382
    4.1032
    4.6832
    4.9275
    4.0247
    4.9239
    5.0768
    4.6815
    4.0859
    5.2212
    3.9207
    1.9632
    3.3883
    3.6557
    4.5510
    4.8360
    4.9608
    4.2636
    3.7754
    4.7692
    3.7516
    4.6834
    3.3324
    4.8655
    4.7819
    3.8232
    4.8390
    5.0404
    4.0687
    4.7604
    3.9618
    4.7590
    3.9395
    5.2080
    5.2124
    4.0747
    4.2196
    3.2086
    3.8458
    3.6587
    3.6908
    5.3813
    4.7436
    4.4992
    4.4910
    4.4557
    4.7566
    4.6633
    4.6304
    4.8857
    4.7704
    4.4760
    4.5960
    4.6158
    3.7936
    4.1280
    3.5722
    3.9968
    4.3446
    4.1367
    4.9038
    4.1802
    4.6438
    4.6714
    4.1621
    3.4232
    4.6416
    4.0984
    3.5227
    3.8280
    4.4526
    4.7042
    4.3674
    4.3797
    5.7107
    3.9365
    4.0380
    3.8576
    3.9740
    3.3792
    3.7259
    4.7501
    4.4007
    3.4863
    4.0002
    4.0000
    4.2540
    4.8106
    3.6968
    4.4173
    3.4168
    4.2354
    4.8499
    4.5529
    4.2898
    5.1562
    3.6740
    4.8923
    4.1442
    4.3947
    3.8080
    4.1520
    4.8064
    4.2803
    4.5553
    3.9073
    4.4265
    4.0404
    4.3713
    4.3834
    3.3406
    3.5435
    3.4364
    3.9908
    4.1197
    4.2620
    3.6774
    4.0069
    4.2322
    3.0626
    5.1372
    2.9873
    3.4128
    3.3461
    3.3758
    4.7981
    3.7804
    4.3497
    4.8722
    5.4258
    3.5098
    4.0000
    4.5117
    5.1428
    3.2635
    5.2506
    4.4926
    4.2248
    4.8904
    5.1004
    4.5220
    5.3694
    4.7186
    4.6160
    3.8061
    3.8996
    4.3703
    4.6971
    3.6446
    4.5929
    4.9272
    2.8684
    3.9870
    3.8189
    3.4282
    5.2074
    4.5692
    5.2128
    4.0621
    4.0746
    3.6918
    3.3640
    4.3399
    3.5954
    3.7756
    4.9641
    3.7096
    3.0730
    3.8364
    3.6938
    3.3276
    4.9782
    3.3890
    4.5246
    4.6583
    4.2676
    4.4660
    5.1790
    4.7106
    4.3439
    4.1766
    4.6380
    4.6674
    4.9611
    3.9499
    3.5453
    5.1277
    3.7395
    3.4220
    4.8768
    2.7660
    4.6968
    4.9272
    4.5952
    4.1112
    4.9986
    3.6347
    4.2637
    4.1737
    4.1662
    4.9854
    4.5027
    4.6056
    4.0664
    3.8528
    5.3215
    4.3423
    3.8909
    4.3254
    3.8056
    4.6212
    4.1506
    4.3636
    3.1583
    4.5423
    3.4431
    4.2211
    4.0305
    4.7609
    4.6407
    4.6672
    3.9685
    5.1676
    5.0833
    3.1177
    5.5585
    4.2378
    3.9613
    4.4745
    3.8826
    4.7343
    5.3692
    4.1420
    2.9788
    4.4696
    3.7641
    4.2721
    4.1212
    3.3160
    4.6087
    4.6912
    3.5733
    3.5954
    5.0196
    3.7541
    4.6136
    4.9146
    4.0770
    4.1855
    3.6938
    4.9610
    3.3284
    4.3612
    5.0743
    4.1576
    4.0606
    4.9753
    4.3980
    4.4242
    3.5689
    4.5517
    4.6309
    3.7408
    2.1612
    4.7496
    4.6378
    3.6920
    3.8815
    5.2534
    3.6987
    5.4453
    4.9255
    3.2770
    4.5606
    4.2300
    2.7417
    3.3569
    3.6860
    5.0052
    5.3586
    3.9737
    4.1906
    4.4752
    4.1792
    4.9454
    4.5570
    3.7586
    2.7745
    2.9366
    3.9132
    4.0038
    4.8706
    3.7616
    3.8156
    3.7268
    4.0736
    5.0353
    4.6060
    4.2302
    4.6353
    4.3478
    3.9840
    2.8760
    3.3260
    4.9884
    5.0472
    3.8908
    4.5723
    4.7316
    4.5367
    4.2922
    4.6505
    3.2736
    4.4071
    5.1848
    4.0805
    4.3571
    3.4296
    4.5136
    4.5266
    4.8583
    2.9330
    3.8404
    4.7827
    3.2304
    4.1660
    3.8230
    2.9384
    4.5513
    3.8472
    4.3230
    4.0412
    4.3860
    3.4284
    5.0748
    4.8648
    5.0962
    5.4362
    4.5581
    3.9886
    4.3271
    2.6895
    5.5220
    4.0792
    4.2278
    4.6170
    3.4813
    4.4737
    4.4364
    4.3664
    4.6583
    4.1166
    3.8811
    4.5865
    5.0512
    3.9636
    4.1282
    4.3935
    5.5522
    4.3286
    3.7362
    4.8940
    3.9011
    3.5486
    3.7767
    5.1366
    3.3843
    4.1552
    4.2465
    4.4446
    4.8527
    3.7641
    4.6804
    5.1143
    3.6278
    4.4346
    4.5521
    4.9659
    4.9913
    4.4169
    4.4444
    4.0134
    4.4204
    5.0254
    3.7479
    4.4242
    3.5535
    3.9560
    4.9309
    4.0926
    4.7527
    2.9322
    4.4310
    3.9513
    3.7536
    3.6544
    4.4026
    3.7790
    5.7786
    4.7563
    4.4188
    4.6420
    4.3752
    4.9938
    3.9459
    4.2073
    4.6314
    3.6533
    4.2620
    5.1592
    4.7619
    4.1001
    4.1176
    3.6821
    2.1010
    4.7149
    4.8046
    4.8267
    4.0834
    3.8510
    3.7860
    4.0770
    4.0922
    4.7710
    3.1757
    4.6286
    4.7372
    3.9319
    3.7373
    3.5986
    3.7180
    3.1158
    3.6006
    4.9760
    4.5840
    5.0369
    4.0521
    4.1603
    5.0032
    3.6694
    4.2291
    4.8767
    5.1277
    4.2643
    2.6918
    4.4537
    3.5662
    5.3951
    3.6794
    4.5602
    4.0422
    4.6260
    4.4186
    4.3700
    4.9748
    5.4260
    4.6647
    4.8704
    4.3522
    3.6702
    4.3935
    4.1813
    5.2720
    5.3293
    3.6166
    4.0520
    4.2530
    4.6582
    4.2340
    4.6612
    4.6764
    4.5276
    3.6147
    4.6602
    4.2801
    3.3017
    3.9120
    3.0902
    3.8811
    3.1654
    5.0976
    3.7212
    4.0860
    4.2370
    3.4647
    4.3075
    3.5060
    4.6878
    4.5703
    4.7993
    4.6120
    4.7429
    4.1625
    4.2103
    2.8186
    4.4656
    4.6735
    4.6011
    4.5141
    4.4253
    3.8372
    4.1016
    4.1742
    3.6005
    5.1866
    4.6236
    4.5840
    4.9759
    4.8039
    3.3355
    4.1062
    4.8694
    4.5793
    4.0909
    4.3861
    3.8636
    4.9327
    4.5517
    4.8669
    4.4652
    4.4358
    3.9331
    3.1996
    4.7054
    5.2433
    4.5220
    3.9596
    3.9266
    4.0512
    5.2600
    4.5484
    4.8742
    4.0282
    5.0221
    5.0037
    4.2628
    5.0052
    3.6229
    4.2759
    4.3457
    5.2915
    4.0973
    3.6180
    4.0416
    3.4510
    4.6172
    4.1672
    3.7709
    4.1172
    4.4939
    4.4443
    4.9137
    4.9796
    4.8640
    4.2166
    3.9530
    4.6933
    3.6203
    3.6149
    4.6822
    4.6296
    4.9150
    3.8263
    4.8346
    4.5252
    4.0982
    4.8539
    4.9013
    4.7804
    4.5640
    3.9262
    3.8065
    4.5014
    4.4156
    4.9587
    4.6401
    4.4294
    3.8186
    4.0065
    4.0826
    2.6196
    4.5960
    3.7481
    3.9223
    3.7414
    3.7104
    4.3134
    4.5694
    5.0854
    4.1070
    4.0280
    4.3805
    4.2777
    3.7892
    3.6047
    3.3323
    2.8204
    3.5533
    3.6397
    5.2996
    4.6476
    3.8334
    4.2576
    3.5821
    4.4868
    4.3969
    4.1543
    4.4330
    4.3147
    4.4712
    4.9893
    3.4865
    3.5735
    3.9180
    4.1050
    4.8189
    4.0508
    4.2678
    4.3980
    4.0548
    4.3550
    4.1076
    4.2939
    4.0060
    4.0073
    3.8923
    4.1290
    4.2953
    3.9106
    3.6044
    4.6732
    3.2205
    2.9258
    4.0512
    5.0947
    3.6299
    3.6757
    4.5710
    4.7754
    4.3148
    3.2394
    4.0191
    4.5075
    5.4524
    3.7021
    4.5783
    5.1966
    4.5029
    4.8332
    5.2778
    3.6349
    3.8896
    5.3433
    4.4516
    5.2622
    3.3657
    4.6068
    4.1159
    3.9382
    5.0134
    3.7183
    4.1325
    5.1070
    3.4931
    3.5894
    4.6415
    4.4174
    3.9281
    4.8830
    5.0236
    3.6679
    4.7815
    4.1257
    4.7974
    4.8904
    5.3382
    3.7970
    3.1472
    4.8143
    4.6472
    4.2022
    4.7522
    3.8991
    4.0515
    4.8485
    3.5668
    4.0104
    3.9371
    1.4076
    3.8242
    4.2274
    4.8914
    4.1128
    4.0310
    3.4405
    4.1157
    4.3673
    4.7836
    3.7042
    3.3042
    3.1426
    3.6189
    4.5806
    3.1272
    4.8734
    2.8086
    4.8593
    4.1352
    3.8208
    6.2166
    3.8540
    4.0859
    4.7858
    2.0740
    4.7352
    3.8440
    3.9277
    4.3232
    4.1543
    3.9557
    4.5537
    3.6402
    4.6221
    5.3611
    3.4672
    4.6179
    4.2876
    4.1270
    3.9399
    3.6190
    4.0360
    4.3941
    4.6512
    4.5895
    3.8730
    4.0487
    4.8280
    4.0316
    4.4222
    4.7608
    4.9032
    3.4619
    4.4654
    4.2149
    4.1927
    4.1043
    3.7668
    3.4614
    4.6762
    3.6543
    4.0730
    4.3509
    4.4372
    3.1032
    4.6983
    4.5472
    3.0842
    4.8300
    4.6476
    4.1353
    4.8728
    4.1872
    4.5844
    2.6968
    5.4013
    4.5486
    3.4743
    3.5242
    4.5188
    4.5060
    3.9229
    4.6659
    3.4092
    5.2998
    4.9496
    4.7209
    4.5107
    4.5915
    4.5147
    4.1477
    3.3101
    4.0654
    3.9821
    4.2656
    4.0385
    2.8210
    3.4869
    3.3321
    4.3579
    4.7490
    5.3247
    4.8400
    3.9626
    4.6576
    4.4721
    4.2903
    4.7773
    4.8680
    4.7988
    4.6234
    4.3293
    4.3417
    4.6228
    4.5598
    3.7193
    2.5923
    4.3995
    4.0529
    5.6376
    4.8396
    3.9416
    4.6170
    4.9176
    3.3424
    3.1994
    4.6128
    4.6954
    4.1486
    4.9762
    3.2301
    4.2910
    4.2480
    4.1922
    4.3253
    5.2829
    4.2293
    5.3544
    4.7868
    5.0641
    4.8729
    4.1614
    4.3467
    4.6089
    5.1089
    4.1366
    3.9652
    4.4486
    2.5793
    4.5213
    4.0212
    4.0062
    4.8766
    4.4292
    5.1209
    5.2481
    3.9040
    4.9285
    3.9742
    3.7871
    3.3539
    5.0983
    2.7214
    3.6521
    4.6462
    4.3910
    4.1840
    4.7395
    4.6300
    4.9818
    4.8663
    3.1170
    4.3580
    4.3813
    4.3253
    4.5421
    4.6297
    4.9714
    4.3590
    2.9626
    3.1160
    4.5740
    4.8917
    4.9587
    4.7220
    4.7140
    5.2963
    4.5890
    4.8158
    3.3694
    4.0414
    3.6100
    4.2627
    3.9018
    4.1972
    5.0142
    4.9922
    4.6274
    2.9628
    4.1056
    4.6110
    4.7925
    4.5417
    3.9939
    4.6817
    2.5964
    3.8046
    4.7990
    4.8797
    3.9790
    2.4880
    4.5510
    3.7086
    4.4081
    4.9020
    5.0930
    5.1260
    4.2293
    4.6222
    4.9947
    4.1913
    3.8433
    4.0821
    4.9822
    4.9237
    4.1958
    4.1364
    4.3069
    4.2346
    4.4083
    4.4839
    4.4877
    5.5219
    4.6423
    3.0600
    3.7200
    3.7865
    4.0232
    5.1863
    4.1606
    4.8069
    4.9869
    4.7289
    3.5818
    3.8346
    2.9856
    3.5256
    4.6931
    3.6624
    4.0194
    4.8963
    4.9730
    3.8532
    4.3170
    2.5475
    2.2816
    4.5249
    5.5239
    4.0141
    4.7806
    4.4680
    2.7660
    4.9063
    4.0603
    4.4654
    2.9653
    3.8582
    3.2590
    2.8950
    4.3944
    3.8742
    4.5531
    4.1828
    4.3545
    4.4947
    4.1882
    3.9396
    3.7311
    4.1926
    3.9967
    4.4173
    3.8766
    5.2446
    4.6993
    2.8636
    4.0988
    4.6812
    3.9798
    4.5456
    5.0936
    3.7161
    4.1786
    5.2130
    3.9246
    3.5668
    4.6541
    3.5965
    4.9036
    4.3458
    3.2420
    3.5088
    5.1302
    4.6977
    3.0407
    4.0519
    3.2600
    4.4242
    3.6172
    3.0697
    3.6012
    4.2950
    4.3586
    4.0725
    5.1480
    3.6684
    4.3938
    3.6240
    3.5563
    3.9731
    3.8906
    4.9052
    3.6484
    3.8724
    3.0986
    3.6250
    3.1186
    4.5845
    3.9307
    4.6626
    4.6889
    3.8030
    4.2952
    3.7656
    4.7620
    5.0673
    5.1427
    5.1906
    3.7338
    4.3118
    3.7687
    4.5026
    4.5020
    4.0278
    3.6273
    4.7847
    4.3372
    4.4783
    3.7595
    4.7108
    3.3560
    3.6704
    3.9197
    3.5343
    4.0414
    3.9015
    3.9059
    5.5070
    3.9411
    3.7069
    4.7706
    4.5358
    4.3896
    4.2538
    3.4842
    3.8633
    4.8372
    3.6658
    4.7770
    3.6148
    4.8962
    4.3320
    4.7201
    4.2388
    4.7217
    2.6071
    4.8446
    4.6658
    3.8719
    4.3453
    4.7657
    4.6594
    4.2891
    4.2602
    4.8563
    3.9049
    4.3948
    3.9894
    4.4700
    4.3297
    4.4663
    3.6758
    4.3111
    4.4197
    4.2726
    4.5040
    4.2546
    4.7730
    3.7084
    3.8073
    4.2456
    4.3081
    3.7873
    5.1042
    2.8631
    4.3066
    3.3960
    3.5161
    4.9026
    2.5286
    4.4244
    3.4872
    4.3180
    4.6106
    4.5068
    3.0653
    3.9090
    2.2540
    4.8729
    3.3136
    4.8648
    5.2532
    4.3172
    4.8011
    3.6568
    4.8775
    3.9556
    2.2270
    4.2654
    4.4692
    3.6238
    4.1030
    5.0814
    3.0463
    3.5332
    4.5443
    3.0281
    2.3846
    4.2960
    5.3552
    3.5998
    4.7593
    4.9197
    4.7493
    4.7962
    4.4362
    2.9913
    4.8705
    4.0653
    4.5697
    3.8996
    4.7045
    4.4149
    2.9170
    3.7485
    4.5974
    3.6376
    4.0029
    3.4270
    4.6008
    4.2338
    4.6714
    4.6052
    4.2700
    4.1532
    4.2638
    4.4992
    4.4160
    4.8769
    3.9816
    3.5800
    4.3107
    4.8053
    5.2720
    4.4455
    4.6616
    4.3582
    4.7461
    5.2275
    4.2221
    4.3782
    4.1578
    4.5330
    2.3372
    4.6869
    5.1936
    1.8426
    4.0064
    4.4256
    2.9670
    5.0623
    4.1847
    5.0167
    3.0693
    4.2353
    3.3405
    3.4752
    5.0040
    4.5616
    4.8521
    4.4418
    3.9228
    1.8553
    4.4762
    3.3288
    5.1052
    4.9846
    3.4622
    3.6786
    3.7694
    4.7279
    3.5035
    3.8585
    4.9957
    4.5543
    4.4551
    4.3708
    4.6617
    4.4642
    3.8412
    4.5085
    4.2320
    4.3077
    4.5432
    5.2913
    4.5264
    4.7427
    4.1980
    3.9100
    2.0286
    4.5581
    4.6286
    4.0264
    5.2184
    3.8675
    4.3037
    4.1052
    3.7435
    4.7330
    4.6426
    5.0006
    4.1750
    4.5129
    2.5122
    4.0424
    4.1515
    4.7350
    3.3760
    3.8462
    4.7237
    3.4401
    4.5290
    4.0892
    4.6625
    2.9472
    4.3804
    3.7343
    3.3916
    4.6042
    3.9104
    3.5843
    4.7920
    4.0883
    4.0626
    2.9723
    4.5854
    4.9784
    4.5510
    4.6376
    4.8288
    3.6133
    4.3784
    4.6535
    4.2905
    3.3574
    4.2967
    3.6016
    3.7431
    4.2453
    4.9235
    4.0723
    4.2102
    4.0109
    4.4350
    3.7599
    3.3252
    4.1988
    4.6732
    4.6695
    3.7125
    4.5952
    5.1681
    3.5214
    4.5305
    5.2710
    4.2073
    4.1097
    4.8501
    4.5485
    4.0372
    4.5847
    2.8403
    4.1621
    5.8959
    4.3104
    3.4413
    4.1410
    4.3250
    5.1646
    5.1650
    4.6947
    3.7796
    3.9163
    4.4461
    4.2795
    3.7131
    4.4469
    3.0869
    4.9146
    3.6901
    5.2375
    4.1977
    3.3122
    5.0301
    4.3488
    4.8466
    4.5979
    3.3007
    4.5105
    4.7834
    3.7133
    4.3983
    4.6714
    4.3306
    3.7364
    4.7396
    4.7275
    4.3221
    4.5118
    4.5891
    4.2966
    3.9015
    4.4041
    3.7354
    3.5652
    4.6211
    4.0710
    4.1735
    2.6941
    4.0844
    4.7377
    4.2952
    3.1301
    3.3656
    5.0756
    4.3932
    3.8513
    4.3009
    4.8348
    3.7009
    2.7032
    4.9190
    2.2216
    4.5066
    4.3740
    5.8161
    4.1483
    4.9278
    3.5491
    5.2520
    3.3077
    2.5124
    4.5361
    3.8382
    4.7504
    4.7594
    3.3755
    5.5806
    4.9346
    4.2898
    4.1832
    4.2030
    3.1956
    4.7350
    4.2384
    2.8307
    4.5340
    4.3701
    4.1986
    4.8969
    4.4759
    4.3690
    3.8536
    3.6599
    2.8616
    4.7509
    4.4766
    3.9867
    4.7843
    4.8292
    2.8484
    3.9166
    5.0085
    4.9019
    5.3513
    4.1008
    4.4642
    4.0581
    4.3664
    4.1886
    4.3073
    4.2640
    3.7304
    4.0027
    5.0717
    4.5986
    4.0800
    4.5693
    3.1449
    4.4084
    4.8778
    4.0588
    4.4756
    3.0387
    3.9280
    4.1610
    4.2610
    4.7976
    4.8842
    5.1293
    4.2090
    4.6806
    5.1003
    4.6882
    4.1241
    4.5091
    4.3737
    4.8250
    4.9059
    4.4689
    4.0263
    4.1014
    3.8896
    4.2702
    4.6947
    3.7472
    4.5173
    2.9942
    4.4429
    5.5792
    4.8642
    4.2448
    4.1826
    4.0072
    4.6979
    4.2295
    4.4730
    4.5504
    3.4947
    3.0472
    3.9372
    4.2810
    4.0047
    4.8232
    4.7144
    4.1599
    3.6338
    4.4043
    3.9006
    3.9815
    4.7989
    4.7033
    4.4056
    3.5363
    4.3079
    4.6383
    4.4378
    2.9796
    4.5894
    4.3507
    4.4742
    4.0970
    4.3441
    3.0819
    5.7086
    2.9752
    5.0853
    4.9926
    4.1279
    3.9336
    4.0256
    4.4300
    2.8082
    3.4685
    4.7731
    4.8032
    5.0044
    4.3039
    3.4402
    3.5437
    5.0383
    4.1110
    3.6820
    4.2012
    4.8186
    3.9250
    3.9862
    4.3296
    4.0078
    3.5846
    3.3832
    3.3724
    4.4940
    4.9409
    4.9760
    4.8695
    3.5062
    3.9990
    4.0341
    4.6556
    4.1552
    3.8205
    3.8327
    4.7756
    3.2384
    4.2399
    3.7534
    2.8782
    4.2829
    3.7835
    4.1946
    3.1386
    4.2738
    4.1216
    4.2427
    5.7287
    4.9140
    4.1309
    3.9511
    4.5634
    3.9440
    4.2391
    4.5513
    4.4942
    4.7205
    4.6297
    4.4671
    4.6214
    3.5542
    4.2753
    4.1382
    4.2315
    3.5840
    4.0684
    4.4771
    3.7762
    3.6238
    4.2056
    4.4276
    3.7856
    3.1876
    3.7748
    4.5592
    3.7797
    4.7834
    3.9380
    4.9699
    4.7798
    4.3492
    4.1427
    5.0414
    4.8004
    4.3997
    4.8341
    3.8700
    4.8469
    4.5115
    3.2284
    4.5464
    5.1083
    4.4876
    3.8977
    4.7784
    4.8375
    3.8640
    4.7899
    2.8473
    4.1757
    3.7108
    3.0560
    5.3751
    4.0654
    4.6885
    5.3788
    4.4924
    4.3702
    4.1466
    3.8799
    3.8832
    4.1403
    3.3206
    4.7964
    3.3144
    4.2778
    4.1116
    4.1447
    4.8574
    3.8615
    4.9059
    5.5163
    4.9651
    3.7291
    4.8880
    4.5243
    4.0212
    4.8543
    5.3702
    3.9596
    4.0488
    5.3161
    4.8447
    4.5697
    4.4670
    3.2765
    4.6881
    3.5309
    4.2346
    4.2017
    4.3066
    4.2271
    3.7957
    4.7544
    4.3824
    4.9968
    4.3127
    4.6605
    4.2557
    3.7696
    4.2477
    4.6519
    4.0338
    5.0008
    4.8807
    4.9908
    4.3417
    4.4608
    3.1098
    1.7721
    5.2526
    4.5916
    4.1192
    3.9647
    5.0756
    4.9990
    2.3180
    3.0351
    5.1836
    4.6304
    4.6031
    3.7706
    4.6941
    4.4824
    4.7041
    3.5903
    3.6533
    4.4242
    4.0310
    4.8133
    3.8640
    4.1315
    3.9237
    4.3037
    4.7936
    4.5840
    4.1662
    4.5634
    4.3966
    3.0325
    4.3625
    4.0290
    4.9795
    5.0130
    4.9301
    4.5144
    5.1973
    4.4958
    4.2616
    3.7833
    4.2950
    4.1894
    3.6486
    4.6433
    4.3119
    2.5803
    4.7975
    4.1454
    4.7587
    3.3867
    3.9367
    3.2867
    3.6473
    3.6200
    4.3791
    3.6237
    4.7140
    3.4878
    4.3789
    4.7021
    3.3056
    4.0166
    3.4587
    5.0073
    3.8185
    3.5946
    2.8016
    2.3446
    3.8820
    4.6456
    3.6483
    3.9523
    4.3284
    5.6228
    3.9176
    4.0791
    3.5341
    4.1915
    3.5616
    4.6100
    4.4211
    4.6855
    2.2647
    4.0373
    5.0486
    4.3016
    3.9522
    4.5489
    4.4868
    3.6314
    5.0926
    4.1826
    3.7784
    4.5788
    5.8590
    4.4096
    4.9201
    3.9792
    3.7794
    4.6884
    3.7029
    4.9427
    5.0451
    4.5168
    5.1698
    3.7180
    3.8407
    4.5077
    4.5981
    5.0283
    4.0114
    4.5717
    3.0216
    3.7554
    4.4242
    4.5061
    4.8063
    2.6222
    4.3548
    3.5703
    4.7718
    4.1679
    4.8966
    4.5093
    4.3353
    4.3934
    4.0869
    5.1130
    4.7882
    4.9444
    4.1685
    4.3974
    4.3177
    4.6745
    4.0060
    4.4944
    5.2042
    1.0892
    3.8347
    4.6550
    3.9419
    4.0583
    4.6701
    4.0422
    5.2309
    5.0489
    3.5414
    4.1459
    5.1972
    4.6027
    3.9667
    2.3394
    4.3964
    3.1133
    4.6587
    3.8641
    4.5903
    5.0994
    3.9595
    4.3860
    4.2289
    4.4630
    4.7723
    4.3494
    5.5326
    4.3011
    4.3168
    2.5197
    3.0972
    4.6686
    4.2739
    3.9028
    4.9966
    4.7110
    4.8013
    3.9186
    4.2798
    4.9843
    4.0115
    3.8004
    4.3649
    2.7841
    3.8962
    3.0740
    4.6536
    4.1959
    4.8456
    5.2973
    4.2505
    4.9676
    4.0914
    4.7529
    4.2090
    4.1416
    4.1751
    3.0822
    4.7721
    3.3157
    4.2915
    5.2520
    4.8388
    3.5478
    4.9910
    3.5550
    4.6927
    4.4302
    4.4032
    3.8466
    4.9593
    4.5544
    2.7674
    4.4006
    4.8826
    4.5417
    4.1573
    4.4320
    3.4230
    3.0911
    3.9732
    3.3860
    4.7383
    3.4550
    3.6477
    4.4383
    4.1306
    5.0652
    4.1581
    4.0680
    2.5566
    4.8432
    3.7204
    2.9180
    3.8349
    3.9379
    5.0364
    4.3772
    4.4216
    3.4567
    4.3462
    4.8172
    5.2035
    5.4176
    4.2014
    5.2286
    3.3392
    5.0769
    3.8582
    4.1471
    5.0667
    3.7061
    3.8006
    4.8438
    5.0466
    2.9891
    3.8339
    4.4735
    4.9396
    4.8650
    4.0316
    4.1996
    3.8103
    1.8184
    5.3896
    3.8294
    4.7539
    3.3440
    4.9455
    3.7520
    3.9648
    3.7500
    4.9786
    4.3441
    4.5266
    4.1771
    4.7263
    4.3841
    3.7651
    3.5954
    3.8112
    4.2257
    4.7631
    3.6365
    2.8919
    4.1260
    4.0520
    4.1272
    4.1727
    3.9568
    4.8707
    3.4299
    3.8166
    4.6178
    3.8006
    3.5467
    4.2420
    4.2910
    4.6740
    4.1351
    4.2963
    2.9686
    4.8883
    4.1123
    5.1304
    4.6464
    3.9801
    3.9900
    4.5343
    4.6226
    3.3499
    3.8421
    4.5468
    3.8056
    4.2588
    4.8079
    3.7485
    4.3844
    3.8313
    4.2602
    3.3997
    3.8229
    4.1169
    4.9992
    4.0097
    2.8502
    4.3689
    5.3350
    4.8268
    5.1374
    4.5495
    4.3942
    3.8723
    5.7743
    4.3894
    4.6867
    4.3284
    4.7783
    4.1132
    4.7282
    4.9766
    4.7488
    4.7692
    4.4743
    4.7158
    5.0041
    3.1217
    4.0442
    3.9892
    5.2104
    4.8855
    4.3422
    3.0502
    3.7140
    3.5412
    4.5583
    4.6888
    4.4579
    3.5564
    4.8253
    2.6456
    3.5205
    4.3294
    5.0373
    5.2400
    4.6674
    4.7652
    5.2410
    4.7314
    4.3538
    4.1552
    5.0380
    5.2624
    4.9822
    5.1856
    3.5482
    4.2422
    4.1752
    3.9327
    4.2405
    4.7531
    4.4870
    4.4295
    4.3651
    3.6782
    4.8307
    4.5969
    4.8877
    4.2736
    2.9173
    5.0878
    2.8160
    3.8891
    4.5236
    3.6042
    4.9485
    4.9285
    4.7169
    4.4875
    4.0743
    3.8752
    4.9942
    4.4307
    4.6562
    4.6011
    3.3674
    4.5258
    4.7386
    4.7816
    5.0644
    4.7436
    5.1363
    4.3130
    4.2618
    4.9643
    4.8562
    3.5276
    3.5145
    3.6852
    5.1031
    4.8592
    4.5623
    3.2146
    4.8556
    2.5920
    4.5134
    4.9320
    4.5124
    3.4288
    3.6318
    4.8296
    5.3950
    4.1620
    2.9044
    4.4324
    3.3804
    3.3934
    4.6116
    4.2391
    4.0613
    4.4394
    2.9954
    4.5120
    4.1263
    4.3684
    4.3589
    4.4373
    3.3219
    4.6374
    4.0547
    4.3683
    3.4584
    4.1991
    3.3036
    3.7112
    5.0080
    3.7772
    5.0102
    3.9253
    3.3323
    3.3859
    4.5576
    4.5077
    3.6518
    4.8430
    1.0890
    3.3457
    4.9334
    3.6155
    4.6960
    4.4388
    4.8757
    3.7647
    4.5216
    3.8691
    4.6269
    4.9051
    4.7125
    3.7985
    4.3302
    4.0123
    4.0906
    4.8351
    4.4474
    3.9166
    4.6333
    4.9927
    3.8109
    4.0599
    4.8639
    3.1573
    5.1982
    3.6695
    3.9702
    4.5099
    3.6265
    4.5201
    3.8513
    3.4456
    3.5463
    5.0486
    4.0290
    4.3376
    5.0361
    4.9895
    4.6458
    4.3716
    3.6581
    4.0406
    3.8432
    4.4014
    4.4599
    4.5257
    3.3721
    3.9147
    4.3692
    3.4824
    3.7470
    4.5853
    4.4023
    4.0248
    4.8276
    3.1396
    1.8582
    4.2934
    4.0095
    4.2706
    4.7335
    4.9671
    5.1414
    4.4266
    4.3237
    5.2504
    3.8526
    4.9477
    5.2842
    3.7359
    4.7660
    4.1820
    4.0422
    3.3642
    4.8259
    4.7500
    3.6249
    3.9982
    4.5920
    4.7726
    4.0252
    3.3507
    3.4168
    4.4341
    4.5749
    4.9487
    4.0301
    2.9669
    4.2346
    5.0349
    4.3360
    3.8433
    4.8364
    5.9906
    4.7943
    4.8531
    4.4080
    3.5406
    3.7458
    4.2717
    4.5533
    3.6348
    4.7136
    3.1367
    5.1498
    4.8380
    4.6825
    4.1606
    3.9464
    4.6779
    4.9942
    4.7410
    4.3211
    5.1194
    4.4683
    4.1632
    3.6705
    4.6432
    4.1096
    3.8577
    4.7106
    3.4884
    2.5992
    2.0962
    4.6837
    4.8451
    3.0079
    4.5706
    4.7141
    4.1597
    5.1291
    4.2546
    4.5254
    4.3593
    3.2566
    3.7123
    5.0811
    4.7776
    5.4396
    4.1280
    4.9226
    4.6879
    4.7316
    4.9173
    3.7567
    4.4026
    3.8256
    4.9786
    4.0003
    3.2853
    4.9492
    4.7616
    4.2196
    4.1270
    3.7194
    4.3997
    4.3097
    3.7596
    4.1942
    4.4062
    4.6383
    3.8031
    4.3470
    4.9562
    4.3316
    4.2468
    3.8102
    3.9627
    3.1561
    2.9485
    4.1804
    4.7908
    4.9493
    3.9867
    4.2105
    4.3808
    5.3858
    4.3786
    4.6240
    4.8120
    4.7857
    3.8548
    4.2977
    3.7586
    4.5926
    4.3907
    3.8730
    4.5642
    4.0059
    4.1636
    4.4640
    3.8702
    4.6427
    4.4818
    3.0654
    4.0534
    3.5764
    3.3022
    3.0357
    3.3892
    3.9330
    4.1934
    3.7894
    2.6579
    2.5910
    4.4444
    4.8207
    4.6092
    4.2797
    4.6134
    4.4046
    4.7170
    4.6707
    3.3794
    3.6396
    4.0220
    3.4274
    3.9740
    4.2794
    4.5928
    4.1943
    4.1367
    3.8202
    3.6851
    3.9099
    5.2256
    2.9246
    4.1206
    2.7752
    3.3304
    3.9283
    4.4810
    4.4759
    4.7203
    3.8299
    4.3942
    3.1816
    4.6457
    4.3883
    4.0270
    4.3831
    4.5472
    4.8908
    4.4165
    4.4580
    3.1751
    4.5740
    4.4068
    3.8940
    4.6097
    4.3641
    4.2244
    3.9920
    4.7653
    3.7926
    4.6870
    4.7067
    5.0809
    4.9062
    3.8978
    5.3944
    2.5820
    4.4145
    4.7278
    4.2076
    3.3490
    4.0882
    4.4878
    4.7819
    5.1968
    2.5479
    4.8110
    4.4810
    3.7577
    2.7300
    4.3126
    4.2199
    4.0969
    4.3680
    1.3016
    3.3660
    4.5650
    4.5328
    3.9128
    3.6097
    4.0022
    4.6605
    2.8386
    4.9103
    4.6202
    4.0672
    4.5911
    3.0099
    4.3444
    5.6431
    3.8900
    4.7861
    5.2792
    4.4763
    4.2716
    3.0498
    4.7108
    3.4376
    4.2293
    3.5110
    4.4216
    4.1663
    4.5370
    5.0154
    3.8359
    2.8956
    4.3274
    4.6280
    4.3440
    4.3560
    4.7003
    3.7720
    4.1698
    4.2661
    3.7450
    2.9295
    3.8004
    4.1964
    4.4295
    3.6977
    4.1683
    4.5139
    4.1609
    4.9450
    3.5580
    4.0028
    3.0344
    4.1330
    3.3498
    4.0445
    3.9892
    4.9830
    4.7057
    4.4566
    4.8959
    4.5597
    4.0283
    3.9509
    3.1068
    4.6052
    5.5254
    4.3391
    3.5987
    4.6544
    4.3302
    4.8628
    3.9233
    4.7990
    3.8778
    4.5429
    4.4526
    0.9854
    4.4469
    5.0007
    3.1832
    3.9124
    4.2520
    5.1798
    4.0042
    4.1964
    4.2804
    4.2133
    4.0356
    4.3726
    4.4152
    3.5866
    4.9289
    3.7736
    3.6287
    2.4757
    5.5907
    4.7569
    3.0581
    4.6852
    4.1106
    3.3636
    4.8613
    4.5622
    4.7678
    4.0246
    4.8346
    2.8386
    4.0564
    3.9291
    4.2511
    4.4620
    4.5744
    4.8150
    4.4782
    4.5056
    4.1296
    4.9177
    4.4680
    4.3084
    4.3701
    4.5426
    5.2015
    5.4243
    2.8524
    4.7499
    3.9840
    4.6499
    3.1656
    3.9631
    3.8460
    4.0477
    4.4872
    4.5484
    3.4696
    4.5065
    3.7853
    3.4631
    4.5640
    3.6056
    4.9401
    4.1407
    3.8882
    3.9807
    3.9956
    3.9952
    4.5955
    4.9583
    3.3559
    5.0602
    5.1985
    4.1124
    4.6753
    3.9919
    4.7533
    3.4083
    4.3662
    4.5775
    4.6518
    5.1252
    4.9286
    4.3819
    4.6096
    4.3371
    4.2115
    3.1640
    3.1987
    4.6311
    4.3319
    3.7380
    4.1950
    4.5470
    4.9483
    3.7397
    4.2539
    4.0024
    4.5189
    4.0969
    3.3485
    4.2734
    4.5129
    3.8666
    2.5768
    4.1317
    2.7449
    4.6956
    3.7797
    2.9706
    3.9356
    3.9867
    4.7556
    3.5732
    2.4093
    4.1277
    2.2713
    3.7870
    5.2450
    4.0560
    4.2519
    4.3173
    2.6626
    3.5973
    5.4614
    4.3458
    5.0912
    3.7689
    2.3514
    3.3822
    4.8483
    3.8576
    4.2448
    3.1200
    4.2128
    4.6874
    4.6125
    3.6466
    3.3361
    2.8410
    4.4248
    4.1251
    3.6928
    5.0438
    4.3321
    4.6363
    4.6330
    4.5394
    4.2513
    3.7447
    5.0790
    3.8626
    4.1122
    4.6981
    5.1837
    4.3298
    4.0773
    4.5434
    1.7466
    4.2285
    5.6491
    4.5360
    4.0406
    3.7279
    5.5127
    4.4248
    3.1080
    4.8628
    4.4928
    4.6206
    3.6014
    3.9370
    3.7431
    4.2088
    4.6536
    4.6210
    3.1177
    4.9662
    4.5470
    3.7845
    3.4459
    3.4940
    4.0366
    4.5704
    4.6274
    5.1279
    4.3727
    4.9707
    4.0004
    4.0552
    3.8329
    3.6230
    4.6742
    4.2584
    2.7270
    4.1693
    4.2792
    3.6035
    5.0613
    3.8013
    4.3581
    4.6408
    4.1194
    3.6710
    3.9570
    4.4724
    3.4064
    4.4722
    3.0176
    4.9316
    4.2741
    4.3271
    4.5646
    4.4395
    4.2422
    4.6846
    4.1710
    4.1350
    4.2306
    4.8887
    4.5981
    4.3138
    4.8191
    4.7874
    3.7796
    5.4172
    3.0164
    5.0332
    4.2943
    4.3572
    4.8003
    4.5153
    2.5282
    2.6584
    4.7431
    3.6000
    4.7927
    3.9350
    3.3128
    5.1446
    4.3006
    3.5042
    3.0373
    3.9732
    2.8471
    3.6862
    4.1456
    4.3064
    2.4797
    3.8570
    3.0814
    4.5213
    5.0279
    4.6307
    4.2593
    1.7610
    2.6032
    4.8370
    3.4197
    3.6770
    4.5876
    4.0265
    3.3555
    2.5678
    3.9150
    2.5440
    4.7250
    4.5629
    3.8992
    4.8344
    4.6226
    4.5386
    4.4739
    3.8694
    4.9124
    4.5001
    5.2637
    3.2715
    3.9927
    4.1918
    5.2717
    4.6177
    5.0396
    3.9731
    2.9545
    3.2238
    4.3574
    5.1708
    4.6060
    4.9120
    4.9276
    4.3319
    4.6378
    4.2290
    3.2999
    4.6136
    3.8048
    4.6993
    3.1136
    4.5002
    4.4702
    4.1252
    4.7204
    4.5952
    4.8865
    3.5200
    3.8920
    4.4625
    4.1952
    5.1069
    4.1721
    3.3162
    4.5020
    3.7913
    3.7815
    4.0187
    3.3304
    4.3558
    3.9244
    4.3700
    3.6894
    3.9984
    4.6031
    3.7049
    4.7444
    4.2114
    4.4766
    4.7802
    4.3201
    4.8358
    5.4891
    4.0320
    4.1503
    4.0958
    3.3450
    3.7399
    4.9776
    4.9309
    3.0806
    4.1153
    3.7442
    4.1637
    4.4798
    3.3976
    4.7915
    3.0122
    4.2878
    4.7711
    3.4730
    5.0597
    4.0318
    5.2232
    4.3555
    3.6052
    4.9450
    3.8556
    3.9012
    4.2527
    4.5323
    4.1982
    4.0720
    4.5041
    4.2822
    2.9399
    5.4025
    5.4004
    4.4924
    4.1638
    4.0978
    3.6330
    3.7308
    4.3463
    2.9536
    3.3366
    1.9233
    4.8487
    3.8013
    5.1818
    3.2589
    4.6490
    3.1107
    3.7693
    4.1238
    4.5710
    4.6865
    4.6426
    4.6150
    3.7790
    3.9062
    5.2660
    3.8726
    4.1524
    4.0660
    4.8896
    5.1430
    5.2466
    4.2377
    4.0746
    4.8018
    4.0697
    4.5306
    4.7030
    4.5675
    5.3326
    4.9656
    4.2902
    2.7412
    4.2960
    5.5280
    4.4716
    4.7297
    4.7056
    4.1031
    3.3550
    3.0946
    4.3539
    4.7959
    4.3077
    4.0472
    4.2885
    4.5657
    5.2047
    4.4294
    4.9772
    4.2324
    4.7225
    4.4544
    4.0100
    4.0174
    4.2686
    4.2493
    4.6493
    3.4838
    5.1361
    3.8807
    2.2804
    4.9217
    4.3182
    4.4771
    4.0614
    5.5471
    4.3452
    3.5861
    4.2617
    3.5740
    3.2731
    4.3131
    4.3779
    4.9700
    4.2223
    4.2993
    4.1990
    4.2262
    4.9720
    3.9180
    3.8673
    4.8535
    3.8754
    4.2096
    5.1434
    3.8182
    3.5383
    2.1898
    4.9021
    5.0207
    4.7894
    4.7144
    4.1804
    4.0764
    4.5415
    4.9877
    3.3213
    4.2092
    2.7866
    5.6668
    2.2889
    4.0361
    4.3840
    4.6929
    4.6867
    4.7449
    4.4872
    4.9794
    4.3414
    4.5005
    5.1334
    4.6513
    2.4623
    3.5477
    3.7959
    3.7542
    4.3940
    4.6389
    4.3427
    3.5206
    5.0060
    4.3363
    4.4349
    4.0643
    4.4404
    3.8066
    4.4778
    4.1867
    4.4134
    4.9945
    4.1404
    4.4465
    4.9385
    4.4433
    2.0178
    4.4180
    4.4968
    4.6858
    4.7096
    1.4977
    4.2272
    3.3032
    4.6986
    4.1698
    3.3730
    4.6054
    4.1465
    4.4937
    2.1756
    4.5830
    2.1560
    5.0079
    4.3788
    3.9061
    3.8786
    4.3758
    4.1541
    3.3199
    5.3080
    4.6844
    4.4752
    4.6285
    4.5190
    3.9026
    3.6610
    4.3795
    4.0431
    4.4805
    5.5800
    4.6297
    2.7979
    5.2556
    4.7478
    3.6596
    4.9136
    4.2740
    4.6911
    3.5589
    4.6772
    3.8600
    4.6391
    3.3976
    4.6674
    3.5946
    3.9250
    4.1170
    4.3337
    4.9580
    4.5932
    4.8176
    4.5430
    4.4232
    3.8554
    4.5874
    5.1899
    4.7012
    5.0717
    4.3148
    3.3182
    4.6599
    4.1661
    4.2512
    3.9026
    4.8826
    4.7265
    3.2368
    4.7820
    4.3584
    4.5730
    4.2928
    3.6443
    4.8278
    4.3036
    4.6683
    5.1691
    4.8396
    3.9623
    5.2535
    2.2356
    3.9890
    3.6402
    4.8505
    5.5172
    5.0222
    4.7190
    4.1227
    3.4514
    3.9565
    3.7684
    5.0095
    4.1098
    3.5174
    4.9030
    4.0130
    3.7269
    4.8532
    3.8497
    4.6806
    5.3286
    4.2977
    6.2455
    3.2070
    3.6814
    4.8398
    3.1159
    4.9200
    4.0918
    5.0984
    3.6618
    1.3243
    5.0009
    4.5998
    4.0039
    5.4477
    4.4778
    2.8701
    3.3939
    4.1805
    3.3850
    4.2197
    3.5221
    3.7145
    4.3604
    3.9876
    4.2850
    4.3663
    4.3047
    5.0570
    2.3984
    4.6503
    4.3380
    4.2520
    4.5033
    4.5766
    4.1406
    4.9426
    3.9627
    4.4172
    5.0180
    5.5342
    4.3891
    3.9629
    4.7962
    3.4412
    4.0936
    3.6255
    4.2516
    4.7338
    4.5116
    4.5362
    4.4040
    4.4590
    4.0098
    4.5580
    4.3681
    5.0978
    4.7773
    4.2253
    3.9455
    3.6233
    4.6058
    4.1549
    4.2064
    5.6260
    3.9258
    4.3308
    3.5926
    5.5627
    4.4873
    4.6542
    3.1881
    4.8279
    5.4477
    2.9721
    4.4603
    4.2863
    3.3796
    4.6954
    4.4897
    3.6333
    4.3771
    2.1614
    4.2173
    4.0723
    5.0323
    4.7027
    3.9708
    5.0998
    5.0036
    3.1024
    3.7342
    4.3814
    4.2768
    4.2495
    3.7566
    3.4611
    4.1319
    4.2574
    4.7990
    2.6409
    4.3430
    3.9333
    4.9416
    4.0823
    4.6494
    1.1780
    4.9214
    4.0867
    3.4725
    4.0143
    3.4380
    4.7263
    4.6831
    3.5378
    4.6818
    4.2366
    3.4498
    4.6116
    3.5932
    3.2240
    3.9878
    4.0758
    4.8465
    4.0902
    4.8142
    4.2062
    4.0515
    3.8955
    3.7030
    4.3081
    3.8913
    4.3877
    5.3282
    4.3756
    3.6225
    4.4553
    4.5903
    3.7896
    4.6636
    3.2162
    4.0707
    4.1793
    3.7716
    4.5180
    4.0610
    3.8081
    4.0784
    4.6263
    4.1429
    4.0146
    3.8378
    4.2060
    4.4502
    4.3284
    3.3967
    4.4050
    4.3340
    3.8536
    4.9847
    3.7997
    3.8933
    3.8696
    5.2237
    3.6580
    2.5794
    3.2989
    4.0339
    4.8984
    4.6636
    4.1718
    3.0373
    3.0215
    4.1032
    2.6897
    4.7842
    4.0113
    5.1470
    3.7264
    4.4415
    5.3474
    5.1250
    5.6501
    4.5459
    4.2607
    3.3600
    4.8070
    4.2894
    4.3450
    3.9092
    4.6342
    4.3051
    3.4853
    4.2059
    4.2098
    4.1899
    4.3490
    3.7640
    4.5305
    4.1673
    4.3176
    4.2905
    5.2020
    3.9918
    2.8944
    4.4388
    5.0834
    4.4812
    4.1948
    2.7590
    3.1940
    2.1292
    3.8309
    4.1761
    4.5689
    5.1464
    4.8564
    5.8234
    4.3162
    3.2075
    4.3551
    5.4840
    4.5986
    4.7143
    4.7912
    4.3328
    4.1514
    3.5343
    3.2970
    4.8461
    4.1121
    4.5875
    4.9229
    3.6833
    3.5062
    4.2444
    4.6490
    4.0234
    4.1968
    4.3578
    3.9387
    4.6192
    4.4500
    2.8638
    5.7665
    4.6855
    5.3704
    5.0311
    4.1629
    4.6792
    4.6466
    2.9577
    3.9524
    4.8652
    4.4486
    4.4807
    4.6059
    4.6996
    3.9260
    4.4607
    5.5481
    3.3621
    4.5419
    4.1362
    3.5184
    5.0181
    3.5390
    3.3056
    4.5638
    4.9894
    4.5049
    3.5624
    4.8200
    4.2087
    4.1423
    4.2088
    3.1876
    5.0964
    4.5474
    4.2086
    3.5996
    4.7410
    4.6979
    3.4454
    4.4825
    4.8382
    5.2915
    4.0354
    4.1677
    2.8713
    5.0638
    3.8930
    5.0040
    3.4964
    3.9612
    4.3754
    4.0564
    4.7794
    2.7254
    3.9521
    4.2885
    4.6153
    3.9802
    4.0250
    3.2790
    3.5115
    4.6661
    4.0193
    4.6060
    4.1944
    4.4920
    3.2736
    4.9276
    4.1967
    4.4010
    4.0273
    4.4250
    5.1681
    5.1450
    4.0511
    3.3407
    4.0096
    4.5590
    4.0632
    4.3274
    4.5603
    4.0725
    4.0117
    4.5678
    4.3616
    3.7831
    4.8581
    3.9570
    5.2310
    4.1381
    4.5398
    4.8286
    4.2667
    3.5739
    4.4793
    3.6380
    2.7909
    4.0156
    4.3229
    4.3946
    4.5032
    3.3116
    5.3574
    4.0080
    4.3758
    3.6750
    3.9346
    5.3288
    4.5931
    4.9024
    4.6466
    4.6192
    3.8881
    5.1906
    4.2969
    3.5696
    4.3262
    3.2470
    4.0473
    3.9699
    4.1703
    4.4137
    4.4287
    4.0359
    4.5638
    4.5917
    3.8113
    4.8938
    4.1467
    5.0197
    5.0397
    3.7478
    4.9429
    4.5000
    4.3436
    3.6241
    5.3062
    4.2976
    3.0563
    4.1921
    4.4710
    5.2027
    4.2290
    4.6557
    3.3968
    4.1181
    4.4559
    4.6690
    3.4865
    4.9871
    4.2178
    4.3556
    3.3736
    4.4680
    4.1086
    1.6990
    4.2072
    4.4663
    4.0280
    4.7592
    3.9024
    4.3606
    4.9528
    5.0349
    5.1731
    4.2256
    3.3132
    4.6419
    4.2230
    4.4629
    4.8216
    4.1352
    4.6725
    4.8462
    3.6290
    4.7800
    4.5204
    3.6460
    4.8463
    3.6117
    4.5919
    5.2743
    4.4569
    4.1623
    4.3532
    4.2249
    4.4506
    4.1146
    4.2984
    4.6511
    3.8748
    4.0984
    4.4286
    4.7826
    3.8933
    3.7906
    4.3640
    4.3983
    4.3832
    3.7852
    4.1435
    4.9250
    4.5232
    3.4316
    3.8234
    4.1623
    4.2432
    4.3020
    4.6202
    4.5910
    4.9038
    2.7073
    3.5624
    5.4920
    4.6133
    3.4621
    4.0063
    4.9732
    4.9376
    4.2818
    5.2213
    4.8520
    4.4832
    4.2796
    4.0924
    4.2850
    5.0062
    4.9942
    5.2573
    3.3033
    5.5062
    4.6259
    3.8005
    4.6965
    5.5810
    4.8146
    3.9962
    3.1744
    4.6671
    4.3703
    3.9587
    3.0045
    4.3916
    5.5276
    4.4192
    4.6014
    4.2452
    4.3813
    4.1320
    4.5364
    4.4728
    4.8506
    3.7435
    4.6990
    3.9446
    4.4866
    4.3963
    4.1911
    4.2368
    4.7349
    4.3709
    3.7076
    4.0834
    4.1388
    4.8399
    3.3313
    5.0690
    3.8269
    3.9997
    4.7953
    4.6576
    3.9053
    3.6953
    5.0794
    4.0274
    4.1384
    5.1024
    5.4522
    4.1458
    3.7404
    4.2221
    3.8956
    3.8631
    4.3566
    4.3001
    4.9127
    4.7675
    4.6994
    4.5116
    4.5201
    4.4523
    3.5734
    3.9763
    4.3154
    4.2689
    3.8716
    5.1083
    5.0348
    5.2008
    4.6792
    3.9583
    4.2132
    5.0110
    4.2241
    2.6096
    3.8850
    4.1683
    3.7920
    4.6047
    4.2357
    4.0881
    4.1833
    4.6442
    4.9504
    3.0139
    2.8079
    3.4491
    4.9327
    4.7118
    4.4397
    4.1901
    5.5202
    3.3123
    4.0206
    4.4911
    3.6873
    2.4010
    4.3286
    4.8820
    4.1736
    4.4121
    3.9529
    1.8686
    4.7528
    4.0244
    5.0031
    4.4378
    4.8110
    4.7496
    5.0670
    4.2281
    4.3730
    3.8125
    4.4114
    4.3143
    4.8597
    4.6992
    4.4760
    4.4246
    4.0180
    4.5377
    4.7322
    3.7279
    4.4020
    3.8491
    4.5236
    5.1428
    3.1727
    3.9289
    3.7045
    4.7966
    4.5251
    5.2696
    4.3447
    4.3160
    4.2790
    4.0687
    3.5638
    4.6993
    4.5110
    4.7622
    4.3063
    4.3877
    4.0934
    4.5786
    3.5764
    4.8870
    3.8169
    3.3079
    4.5256
    4.7160
    4.8810
    4.4889
    4.7517
    5.1548
    3.2367
    3.0926
    4.2503
    2.9138
    5.1306
    4.4199
    4.2860
    3.9523
    5.2097
    4.4542
    4.0742
    4.0674
    4.5456
    4.0986
    4.3317
    3.2345
    4.7956
    4.9521
    4.8525
    3.4188
    4.9269
    4.3546
    4.7570
    4.1129
    4.2119
    4.4912
    5.3948
    4.8647
    4.9656
    2.3300
    2.9873
    5.0123
    5.0794
    4.9204
    4.7972
    4.1113
    3.7176
    4.7042
    3.1625
    3.4004
    2.5004
    5.1797
    4.5740
    4.7847
    3.7800
    4.5556
    4.8523
    4.2967
    4.9994
    3.5080
    3.2414
    4.2967
    5.0503
    4.1090
    3.9232
    4.8439
    4.7963
    4.0740
    4.3704
    4.2402
    4.5613
    3.6774
    4.3750
    4.8007
    2.8523
    3.7330
    2.9139
    3.4915
    3.7814
    4.8561
    5.0849
    4.2103
    4.0682
    4.7107
    4.7670
    4.6574
    4.1949
    4.3229
    2.9252
    4.7157
    3.5885
    3.5500
    3.7283
    5.0995
    4.4919
    5.1915
    4.6604
    4.9881
    4.1730
    4.1873
    5.2654
    3.9484
    4.0343
    3.6344
    5.3441
    4.3478
    4.5189
    4.9138
    4.7883
    4.5430
    2.0470
    4.0747
    4.8795
    3.7444
    3.4004
    3.7886
    3.7859
    4.8494
    4.7484
    3.9580
    4.0360
    4.8610
    4.2000
    4.9701
    4.2490
    4.3871
    3.1896
    5.0782
    4.1820
    5.0212
    4.1873
    3.9218
    4.6517
    5.2132
    3.4171
    4.0804
    4.7716
    3.7303
    3.8990
    3.8561
    4.0229
    2.4385
    5.7285
    5.0313
    3.8748
    4.0843
    4.3110
    3.1640
    4.4067
    3.7855
    5.0334
    4.3268
    4.2210
    4.8379
    5.1465
    0.2636
    3.6532
    4.6186
    4.4434
    3.3325
    3.8808
    4.9393
    4.7692
    4.8278
    4.2820
    3.5567
    3.2902
    4.2353
    3.6832
    4.0815
    4.4565
    3.8263
    3.9893
    1.7896
    4.3592
    5.3355
    3.7485
    3.4362
    5.1539
    4.7489
    5.1534
    4.7270
    5.0589
    3.3723
    4.4223
    4.6260
    4.8499
    4.0140
    3.2696
    4.1147
    3.7769
    4.3697
    4.8319
    5.1753
    4.6693
    3.5990
    3.2472
    4.5601
    4.0528
    3.6767
    4.5081
    5.1438
    4.2993
    3.9290
    4.3018
    4.2035
    4.8047
    5.5987
    4.5212
    4.7486
    3.7703
    4.3315
    4.4246
    4.8649
    5.0183
    3.7504
    4.9274
    4.1078
    4.2544
    4.3029
    3.4363
    3.0502
    4.4624
    2.8875
    4.3052
    4.8780
    4.0180
    3.9920
    3.4256
    4.4966
    3.2826
    2.0834
    3.8965
    3.7556
    3.8158
    2.9141
    3.6647
    4.7501
    4.2644
    2.6215
    4.9943
    3.3896
    3.9042
    4.8429
    4.3830
    4.2150
    4.7144
    4.5691
    4.1204
    4.0063
    4.6526
    4.3294
    3.9626
    3.3750
    5.1338
    3.6745
    3.2394
    4.6033
    3.4804
    4.6414
    3.1080
    4.2781
    3.6568
    3.8052
    4.8194
    4.2434
    5.2656
    4.3207
    2.9842
    3.8447
    4.2206
    4.0468
    4.1136
    2.8989
    4.6333
    3.9985
    4.7131
    3.7064
    5.2622
    3.9856
    3.7753
    5.0667
    2.6338
    4.2514
    3.6967
    3.8457
    4.9810
    3.5883
    3.9830
    3.9087
    4.7034
    3.6654
    5.0641
    4.3704
    3.7392
    4.9620
    4.8269
    3.2023
    4.1343
    4.1214
    4.2617
    4.7800
    4.3047
    2.3857
    4.0983
    4.5541
    4.2169
    3.8263
    3.4036
    4.8998
    3.5393
    4.5464
    3.8836
    4.6507
    4.0412
    4.6307
    4.1555
    5.0761
    3.4250
    3.8954
    4.3740
    4.2318
    4.6033
    3.5940
    4.6743
    3.4671
    3.3577
    2.9857
    4.5801
    4.8296
    4.6360
    4.1751
    5.1083
    4.9205
    5.4020
    4.3936
    4.5893
    4.3609
    3.9857
    4.8246
    4.5979
    4.0439
    4.7574
    4.7816
    4.7812
    4.9908
    5.5271
    5.0860
    3.4558
    4.9168
    4.8391
    4.7400
    3.6505
    3.9219
    3.3108
    4.4552
    4.1862
    3.0622
    4.3484
    4.5039
    3.2204
    3.6307
    3.5067
    4.3140
    3.4824
    5.5248
    4.8327
    5.0569
    3.5640
    3.2040
    4.4853
    2.8934
    4.0141
    4.2603
    4.4948
    4.0679
    3.6283
    3.9766
    4.1632
    4.4126
    4.2801
    4.1239
    4.1785
    4.8641
    5.1005
    4.7381
    4.4272
    4.2756
    3.0162
    4.3316
    4.1689
    4.1574
    3.8103
    4.7415
    4.6462
    4.1610
    3.2200
    4.9926
    5.5798
    5.0203
    4.1433
    5.0640
    4.5517
    4.2066
    4.6272
    4.1040
    2.7011
    3.9800
    2.5806
    4.8275
    4.6263
    4.6481
    5.3478
    3.5147
    4.8979
    4.0744
    4.1328
    4.3196
    3.4799
    4.5292
    5.2264
    4.7415
    4.2823
    3.6939
    4.9542
    4.0937
    3.0253
    3.9048
    4.4084
    4.2952
    4.4946
    5.0702
    3.9095
    4.2615
    3.8528
    3.4153
    4.7502
    3.6943
    4.6368
    4.0121
    4.7344
    4.0916
    3.8971
    3.7892
    4.9001
    5.1677
    4.0372
    4.4734
    2.3024
    4.4235
    4.7973
    2.1400
    4.6616
    2.5090
    4.4710
    4.1047
    3.5725
    3.5810
    4.8021
    5.0659
    2.3152
    4.9790
    5.8436
    4.8376
    4.4800
    3.6144
    3.9762
    3.8517
    4.8018
    5.0435
    4.2928
    4.9015
    2.5089
    3.8096
    2.2576
    3.1391
    4.8242
    4.6570
    4.7323
    3.9571
    4.0045
    4.9376
    3.8514
    4.3667
    3.7224
    3.1700
    3.7713
    4.0236
    4.4177
    4.7956
    2.6463
    5.0992
    3.8714
    4.6936
    2.2180
    2.1504
    4.3572
    4.1898
    4.5801
    3.1952
    3.8261
    5.5872
    4.2952
    4.9105
    3.3123
    3.7293
    5.2098
    4.1355
    3.7626
    5.4927
    4.0224
    4.5599
    4.6412
    2.6832
    4.3267
    4.8572
    3.8946
    5.2552
    3.9782
    5.3766
    5.1641
    5.1904
    2.9247
    4.5295
    3.2526
    5.1280
    3.7075
    4.8232
    4.2423
    4.8104
    4.5811
    4.8636
    4.8817
    4.2616
    2.0826
    3.9263
    3.7881
    3.3559
    4.3148
    4.7234
    3.8376
    3.0122
    5.3546
    4.0451
    4.0204
    3.6317
    4.8487
    5.0509
    3.6837
    4.3811
    5.0792
    4.0316
    4.5629
    3.5393
    4.3156
    4.5011
    3.3848
    4.1339
    4.2908
    5.0948
    4.7596
    2.6169
    4.5449
    5.4017
    3.8280
    4.0528
    5.0685
    4.2107
    4.0533
    4.3818
    4.6207
    4.6261
    4.6196
    3.8588
    4.4017
    3.1422
    3.9761
    4.3184
    4.6636
    4.5566
    4.9384
    5.0396
    4.1596
    3.7190
    3.7056
    4.8866
    4.9814
    4.3857
    4.4553
    4.0424
    4.1544
    5.1690
    4.6062
    4.3657
    2.9966
    4.2143
    4.8096
    4.5596
    2.3548
    3.7634
    4.3451
    4.5387
    4.8785
    4.9346
    3.8690
    4.0972
    4.1620
    4.2054
    4.4101
    3.9209
    3.9827
    4.4840
    4.2682
    2.9021
    4.5550
    3.9932
    4.5281
    3.6887
    2.7213
    5.4364
    3.0795
    5.4399
    3.9636
    2.9068
    5.6186
    4.1210
    5.1017
    5.1726
    4.0376
    4.5680
    4.5760
    3.0531
    4.5112
    4.0763
    3.8295
    4.4087
    4.5907
    4.3569
    4.4689
    4.2864
    3.7396
    4.5520
    3.7902
    4.7803
    5.3295
    4.5210
    4.9648
    4.5551
    4.9437
    2.9670
    3.7769
    3.5438
    5.3031
    4.2499
    3.1887
    3.8917
    3.7170
    3.7205
    4.8016
    4.5823
    4.0644
    5.9535
    3.9887
    4.5982
    4.3317
    4.0492
    5.0951
    3.9249
    3.4180
    3.7573
    4.5492
    4.9792
    4.9350
    4.3690
    5.2904
    4.2176
    3.3300
    4.7560
    4.1397
    4.1414
    3.5714
    3.9996
    5.5920
    3.7610
    5.1276
    4.3316
    4.5398
    4.5562
    4.7590
    4.2651
    4.7215
    4.9144
    3.7326
    4.9149
    4.6079
    4.5498
    4.2255
    3.6384
    4.3160
    3.8135
    3.9446
    4.7163
    4.4553
    4.9120
    4.0286
    3.7470
    5.0216
    3.8975
    4.4323
    4.8618
    3.6035
    3.9017
    4.2420
    4.6946
    4.9490
    2.7986
    5.1328
    4.3152
    3.6588
    4.9501
    4.6863
    4.3288
    3.8814
    4.1630
    3.1356
    4.9289
    4.2663
    4.5493
    5.4796
    3.0122
    4.1111
    4.0303
    4.9226
    4.5703
    4.6221
    4.6593
    3.4502
    4.5722
    4.5296
    4.6402
    5.1981
    4.4732
    5.1292
    4.6795
    5.1334
    2.9432
    5.4605
    3.1173
    3.9106
    4.2829
    4.4169
    4.0563
    4.5116
    4.9762
    4.8949
    4.7827
    3.7122
    5.0426
    3.2384
    4.2611
    3.7159
    4.1789
    3.7806
    5.2291
    3.0599
    4.0287
    3.6288
    4.2959
    3.1509
    5.2219
    4.7056
    4.2949
    4.8927
    4.6919
    5.6149
    5.0676
    6.0897
    4.5280
    3.1590
    4.5653
    5.4876
    3.8810
    3.9766
    3.8353
    4.5247
    4.8703
    4.7142
    3.9512
    3.4390
    4.6341
    4.0040
    3.9391
    5.0494
    4.4836
    4.5413
    4.4017
    3.0004
    4.3172
    4.8071
    5.4392
    4.0837
    4.8429
    5.1464
    2.6006
    4.4553
    4.4244
    3.5157
    4.3219
    3.9244
    4.2815
    4.9925
    4.6831
    4.9202
    4.5404
    3.8179
    3.9710
    4.3279
    4.1938
    4.2552
    4.5109
    2.9922
    4.5320
    3.9421
    4.3052
    4.9533
    3.3946
    4.7899
    4.8616
    3.7758
    2.9014
    3.9816
    5.1610
    4.4919
    3.9999
    4.0640
    3.6945
    4.2900
    4.7549
    4.6001
    4.5530
    4.3103
    4.0666
    4.2771
    4.4776
    3.0573
    4.4967
    4.0337
    4.5135
    5.3390
    3.0922
    2.7608
    4.3586
    4.9139
    4.0103
    3.5252
    4.6660
    4.4957
    4.4359
    3.9086
    3.9780
    5.0507
    3.6691
    4.7087
    2.3583
    3.8267
    5.0875
    4.8639
    5.1561
    4.8679
    5.0300
    3.6174
    4.8707
    5.1406
    4.4727
    4.3045
    3.7034
    2.9416
    4.5231
    4.6562
    4.7293
    3.4810
    4.2070
    4.8287
    3.6841
    4.0913
    3.8642
    4.8668
    2.9279
    3.9360
    3.2213
    2.5893
    3.5240
    4.4210
    4.7273
    4.4544
    5.4914
    4.5067
    3.8959
    5.1986
    4.1071
    4.1035
    4.6655
    4.6838
    3.9768
    5.0034
    3.4632
    2.6743
    4.2377
    3.3576
    4.9313
    3.4242
    4.4626
    4.2020
    4.7528
    3.3270
    4.1402
    5.1149
    2.7740
    3.1513
    3.0952
    4.2775
    3.1707
    3.9891
    4.4650
    3.8212
    4.7044
    4.0208
    4.9225
    5.1850
    3.8162
    2.8212
    4.0028
    4.0415
    3.8566
    4.2282
    3.8092
    4.4129
    4.8869
    4.7963
    4.0162
    4.0486
    4.3276
    4.5035
    5.1960
    3.7257
    5.2352
    3.3080
    4.1291
    5.1527
    4.1376
    3.7729
    4.8560
    3.0271
    4.9823
    3.3335
    4.0116
    4.4427
    3.9223
    4.2589
    5.0883
    5.1068
    4.6065
    3.6720
    4.6505
    4.9343
    5.3913
    4.7990
    4.5186
    3.5574
    3.9124
    4.3815
    4.1216
    3.7319
    5.0283
    4.6543
    4.4074
    4.2100
    4.4465
    3.7509
    3.5014
    3.7227
    5.1089
    5.5327
    4.9016
    5.0817
    3.9162
    4.5057
    4.0256
    3.4064
    3.7393
    3.9313
    4.4482
    3.7899
    4.1366
    5.3617
    4.5178
    4.7108
    4.5240
    4.0655
    3.8436
    4.2123
    4.0822
    5.4919
    4.5979
    3.8685
    3.9731
    3.1281
    4.8107
    5.2597
    4.4943
    4.1180
    3.7758
    3.9153
    4.8681
    3.7014
    2.4480
    3.9042
    3.6696
    5.4365
    3.0296
    4.9269
    4.7319
    4.6500
    5.0640
    3.8612
    3.0111
    5.0026
    4.0286
    3.9623
    4.7170
    4.6082
    4.6519
    4.4250
    4.8024
    4.3180
    5.1467
    3.2528
    1.7889
    4.4944
    5.1754
    3.6170
    4.3953
    4.3426
    3.3141
    5.0223
    4.3929
    3.8553
    3.5111
    4.4399
    4.8927
    4.8246
    4.6112
    3.9915
    3.8497
    4.4372
    4.3961
    4.1059
    4.3008
    4.4418
    5.0101
    3.2416
    4.1362
    4.7637
    4.3666
    4.2573
    4.8318
    4.2761
    4.3334
    4.5148
    4.9100
    4.5439
    3.6040
    4.8627
    4.0858
    5.0324
    4.6067
    4.1980
    3.6676
    4.2039
    3.0436
    3.3859
    3.5770
    4.4414
    4.6298
    5.1023
    1.9320
    4.7340
    3.9495
    4.5010
    4.5840
    4.5191
    4.1498
    4.0306
    3.7417
    5.1619
    3.6275
    4.0942
    4.4950
    4.3309
    4.3569
    5.3633
    3.9560
    3.7545
    3.4539
    4.6886
    4.6820
    3.3884
    3.9076
    4.2340
    4.1079
    5.3616
    4.8488
    3.7389
    4.4538
    5.3139
    4.3862
